923410000000
923410000001
923410000002
923410000003
923410000004
923410000005
923410000006
923410000007
923410000008
923410000009
923410000010
923410000011
923410000012
923410000013
923410000014
923410000015
923410000016
923410000017
923410000018
923410000019
923410000020
923410000021
923410000022
923410000023
923410000024
923410000025
923410000026
923410000027
923410000028
923410000029
923410000030
923410000031
923410000032
923410000033
923410000034
923410000000
923410000001
923410000002
923410000003
923410000004
923410000005
923410000006
923410000007
923410000008
923410000009
923410000010
923410000011
923410000012
923410000013
923410000014
923410000015
923410000016
923410000017
923410000018
923410000019
923410000020
923410000021
923410000022
923410000023
923410000024
923410000025
923410000026
923410000027
923410000028
923410000029
923410000030
923410000031
923410000032
923410000033
923410000034
923410000035
923410000036
923410000037
923410000038
923410000039
923410000040
923410000041
923410000042
923410000043
923410000044
923410000045
923410000046
923410000047
923410000048
923410000049
923410000050
923410000051
923410000052
923410000053
923410000054
923410000000
923410000001
923410000002
923410000003
923410000004
923410000005
923410000006
923410000007
923410000008
923410000009
923410000000
923410000005
923410000006
923410000012
923410000013
